Bait,Bait ID,Prey,Interaction,KNOWN Interaction,PreyGene,Spec,SpecSum,AvgSpec,NumReplicates,ctrlCounts,AvgP,MaxP,TopoAvgP,TopoMaxP,SaintScore,FoldChange,BFDR,Num of Expt. (found/total),Ave SC
BET1,O15155,A0FGR8,O15155_A0FGR8,UNKNOWN,ESYT2_HUMAN,3|3|4|1,11,2.75,4,0|0|0|0|0|1|0|0|1|0|1|0|0|0|0|0,0.74,1,0.74,1,0.74,14.67,0.06,19,2
BET1,O15155,O00161,O15155_O00161,UNKNOWN,SNP23_HUMAN,4|7|6|7,24,6,4,0|2|2|3|1|0|2|1|0|1|0|0|0|1|0|0,0.96,1,0.96,1,0.96,7.38,0.01,41,3.5
BET1,O15155,O00541,O15155_O00541,UNKNOWN,PESC_HUMAN,4|4|3|6,17,4.25,4,0|2|1|2|0|1|0|2|0|2|1|1|1|0|0|0,0.82,0.98,0.82,0.98,0.82,5.23,0.03,57,6.3
BET1,O15155,O14653,O15155_O14653,UNKNOWN,GOSR2_HUMAN,4|5|7|4,20,5,4,0|0|0|0|0|0|0|0|0|0|0|0|0|0|0|0,1,1,1,1,1,50,0,2,1
BET1,O15155,O14662,O15155_O14662,UNKNOWN,STX16_HUMAN,3|4|4|3,14,3.5,4,0|0|0|0|0|0|0|0|0|0|0|0|0|0|0|0,1,1,1,1,1,35,0,0,0
BET1,O15155,O14763,O15155_O14763,UNKNOWN,TR10B_HUMAN,4|2|4|5,15,3.75,4,0|0|0|0|0|0|0|0|0|0|0|0|0|0|0|0,0.99,1,0.99,1,0.99,37.5,0,2,1
BET1,O15155,O14828,O15155_O14828,UNKNOWN,SCAM3_HUMAN,3|2|3|4,12,3,4,0|0|0|0|0|0|0|0|0|0|0|0|0|0|0|0,0.99,1,0.99,1,0.99,30,0,23,1.4
BET1,O15155,O14964,O15155_O14964,UNKNOWN,HGS_HUMAN,25|20|29|32,106,26.5,4,5|4|2|3|3|3|3|1|1|2|1|1|1|1|0|0,1,1,1,1,1,13.68,0,19,1.2
BET1,O15155,O15013,O15155_O15013,UNKNOWN,ARHGA_HUMAN,5|5|3|7,20,5,4,0|0|0|0|1|1|0|0|1|0|1|0|0|0|0|0,0.99,1,0.99,1,0.99,20,0,6,8.7
BET1,O15155,O15027,O15155_O15027,UNKNOWN,SC16A_HUMAN,28|26|23|26,103,25.75,4,2|5|2|1|2|4|3|0|0|7|5|4|4|4|2|5,1,1,1,1,1,8.24,0,41,4.1
BET1,O15155,O15155,O15155_O15155,UNKNOWN,BET1_HUMAN,22|24|23|20,89,22.25,4,0|0|0|0|0|0|0|0|0|0|0|0|0|0|0|0,1,1,1,1,1,222.5,0,1,2
BET1,O15155,O15226,O15155_O15226,UNKNOWN,NKRF_HUMAN,3|3|3|3,12,3,4,0|1|0|0|1|3|1|0|0|2|0|0|0|1|0|0,0.77,0.77,0.77,0.77,0.77,5.33,0.04,46,3.2
BET1,O15155,O15400,O15155_O15400,UNKNOWN,STX7_HUMAN,5|5|4|4,18,4.5,4,0|0|0|0|0|0|0|0|0|0|0|0|0|0|0|0,1,1,1,1,1,45,0,5,2.8
BET1,O15155,O15498,O15155_O15498,UNKNOWN,YKT6_HUMAN,10|9|12|8,39,9.75,4,4|6|5|6|0|3|2|1|0|1|2|4|3|4|1|2,0.83,0.99,0.83,0.99,0.83,3.55,0.03,12,1.8
BET1,O15155,O43159,O15155_O43159,UNKNOWN,RRP8_HUMAN,2|2|2|2,8,2,4,0|0|1|0|1|1|1|0|0|0|0|0|0|0|0|0,0.81,0.81,0.81,0.81,0.81,8,0.03,20,2
BET1,O15155,O43592,O15155_O43592,UNKNOWN,XPOT_HUMAN,5|4|3|3,15,3.75,4,0|0|0|0|0|0|0|0|0|0|0|0|0|0|0|0,1,1,1,1,1,37.5,0,21,2.5
BET1,O15155,O43615,O15155_O43615,UNKNOWN,TIM44_HUMAN,6|8|7|9,30,7.5,4,0|1|0|1|1|2|0|0|0|0|0|0|0|0|0|0,1,1,1,1,1,24,0,40,2.7
BET1,O15155,O43752,O15155_O43752,UNKNOWN,STX6_HUMAN,5|0|3|2,10,2.5,4,0|0|0|0|0|0|0|0|0|0|0|0|0|0|0|0,0.74,1,0.74,1,0.74,25,0.05,3,1
BET1,O15155,O43852,O15155_O43852,UNKNOWN,CALU_HUMAN,4|9|3|3,19,4.75,4,0|0|0|0|0|0|0|0|0|0|0|0|0|0|0|0,1,1,1,1,1,47.5,0,61,3.8
BET1,O15155,O60493,O15155_O60493,UNKNOWN,SNX3_HUMAN,2|2|3|3,10,2.5,4,0|0|0|0|0|0|0|0|0|0|0|0|0|0|0|0,0.98,0.99,0.98,0.99,0.98,25,0,11,2.2
BET1,O15155,O60499,O15155_O60499,UNKNOWN,STX10_HUMAN,3|3|2|1,9,2.25,4,0|0|0|0|0|0|0|0|0|0|0|0|0|0|0|0,0.74,0.99,0.74,0.99,0.74,22.5,0.06,0,0
BET1,O15155,O60762,O15155_O60762,UNKNOWN,DPM1_HUMAN,5|6|4|6,21,5.25,4,0|1|0|1|0|0|0|0|0|1|0|0|0|0|1|0,1,1,1,1,1,21,0,28,1.8
BET1,O15155,O60763,O15155_O60763,KNOWN,USO1_HUMAN,10|10|10|10,40,10,4,0|3|3|2|1|2|1|3|0|2|1|0|0|1|0|0,1,1,1,1,1,8.42,0,63,2.4
BET1,O15155,O75396,O15155_O75396,UNKNOWN,SC22B_HUMAN,5|6|3|5,19,4.75,4,0|0|0|0|0|0|0|0|0|0|0|0|0|0|0|0,1,1,1,1,1,47.5,0,0,0
BET1,O15155,O75683,O15155_O75683,UNKNOWN,SURF6_HUMAN,3|2|3|4,12,3,4,1|0|0|0|1|2|1|0|0|0|0|2|0|0|0|0,0.83,0.97,0.83,0.97,0.83,6.86,0.03,38,3.4
BET1,O15155,O75694,O15155_O75694,UNKNOWN,NU155_HUMAN,2|1|3|2,8,2,4,0|0|0|0|0|0|0|0|0|0|0|0|0|0|0|0,0.73,0.99,0.73,0.99,0.73,20,0.06,49,4
BET1,O15155,O75886,O15155_O75886,UNKNOWN,STAM2_HUMAN,20|21|22|21,84,21,4,0|0|0|0|1|0|0|0|0|0|0|0|0|0|0|0,1,1,1,1,1,210,0,15,1.3
BET1,O15155,O75976,O15155_O75976,UNKNOWN,CBPD_HUMAN,35|37|43|36,151,37.75,4,0|0|0|0|0|0|0|0|0|0|0|0|0|0|0|0,1,1,1,1,1,377.5,0,4,3.8
BET1,O15155,O76031,O15155_O76031,UNKNOWN,CLPX_HUMAN,0|3|2|3,8,2,4,0|0|0|0|0|0|0|0|0|0|0|0|0|0|0|0,0.74,0.99,0.74,0.99,0.74,20,0.06,23,3.1
BET1,O15155,O94905,O15155_O94905,UNKNOWN,ERLN2_HUMAN,2|2|2|2,8,2,4,0|0|0|0|0|0|0|0|0|1|0|0|0|0|0|0,0.96,0.96,0.96,0.96,0.96,20,0.01,45,2.2
BET1,O15155,O94979,O15155_O94979,UNKNOWN,SC31A_HUMAN,7|4|6|6,23,5.75,4,2|2|1|2|2|2|1|1|1|2|0|0|0|0|0|0,0.92,0.99,0.92,0.99,0.92,5.75,0.01,27,3
BET1,O15155,O95159,O15155_O95159,UNKNOWN,ZFPL1_HUMAN,3|1|4|3,11,2.75,4,0|0|0|0|0|0|0|0|0|0|0|0|0|0|0|0,0.75,1,0.75,1,0.75,27.5,0.05,0,0
BET1,O15155,O95249,O15155_O95249,KNOWN,GOSR1_HUMAN,14|15|13|12,54,13.5,4,0|0|0|0|0|0|0|0|0|0|0|0|0|0|0|0,1,1,1,1,1,135,0,0,0
BET1,O15155,O95292,O15155_O95292,UNKNOWN,VAPB_HUMAN,3|3|3|3,12,3,4,1|0|0|0|0|0|1|0|0|0|0|0|0|0|0|0,0.99,0.99,0.99,0.99,0.99,24,0,28,1.9
BET1,O15155,O95347,O15155_O95347,UNKNOWN,SMC2_HUMAN,7|4|7|5,23,5.75,4,1|1|0|0|1|0|0|0|0|1|0|0|2|1|1|1,0.98,1,0.98,1,0.98,10.22,0,82,5.9
BET1,O15155,O95433,O15155_O95433,UNKNOWN,AHSA1_HUMAN,2|2|2|2,8,2,4,1|0|1|0|1|1|0|0|0|0|0|1|0|0|0|0,0.75,0.75,0.75,0.75,0.75,6.4,0.04,59,2.3
BET1,O15155,O95486,O15155_O95486,UNKNOWN,SC24A_HUMAN,9|12|12|12,45,11.25,4,1|2|1|0|0|2|1|0|1|0|1|0|1|1|1|0,1,1,1,1,1,15,0,7,1.6
BET1,O15155,O95487,O15155_O95487,UNKNOWN,SC24B_HUMAN,20|24|31|25,100,25,4,1|4|2|1|2|4|1|0|1|0|1|0|1|2|2|1,1,1,1,1,1,17.39,0,21,2.1
BET1,O15155,O95793,O15155_O95793,UNKNOWN,STAU1_HUMAN,6|9|7|9,31,7.75,4,0|0|0|0|0|0|0|1|1|3|1|2|1|3|1|3,0.98,1,0.98,1,0.98,7.75,0,58,4.7
BET1,O15155,P00367,O15155_P00367,UNKNOWN,DHE3_HUMAN,15|13|13|14,55,13.75,4,1|1|2|1|1|3|0|0|4|0|2|2|1|1|2|0,1,1,1,1,1,10.48,0,90,4.2
BET1,O15155,P02786,O15155_P02786,UNKNOWN,TFR1_HUMAN,16|13|15|13,57,14.25,4,0|0|0|0|0|0|0|0|0|0|0|0|0|0|0|0,1,1,1,1,1,142.5,0,47,2.3
BET1,O15155,P04439,O15155_P04439,UNKNOWN,1A03_HUMAN,5|5|3|4,17,4.25,4,0|0|0|0|0|0|0|0|0|0|0|0|0|0|0|0,1,1,1,1,1,42.5,0,30,1.4
BET1,O15155,P04844,O15155_P04844,UNKNOWN,RPN2_HUMAN,5|4|3|3,15,3.75,4,0|0|0|1|0|0|0|0|1|0|0|0|0|0|0|0,1,1,1,1,1,30,0,82,2.9
BET1,O15155,P05067,O15155_P05067,UNKNOWN,A4_HUMAN,3|5|3|3,14,3.5,4,0|0|0|0|0|0|0|0|0|0|0|0|0|0|0|0,1,1,1,1,1,35,0,5,1
BET1,O15155,P05198,O15155_P05198,UNKNOWN,IF2A_HUMAN,9|11|13|10,43,10.75,4,0|4|5|2|4|4|2|1|1|0|1|0|0|0|0|0,0.97,0.99,0.97,0.99,0.97,7.17,0.01,101,2.3
BET1,O15155,P06241,O15155_P06241,UNKNOWN,FYN_HUMAN,5|4|0|3,12,3,4,0|0|0|0|0|0|0|0|0|0|0|0|0|0|0|0,0.75,1,0.75,1,0.75,30,0.05,25,2.5
BET1,O15155,P07814,O15155_P07814,UNKNOWN,SYEP_HUMAN,34|36|36|34,140,35,4,9|11|14|10|18|14|6|4|13|16|11|11|8|10|10|7,1,1,1,1,1,3.26,0,157,11.5
BET1,O15155,P08195,O15155_P08195,UNKNOWN,4F2_HUMAN,8|13|7|5,33,8.25,4,0|0|0|0|0|1|0|0|0|0|0|1|0|0|0|0,1,1,1,1,1,66,0,58,4.9
BET1,O15155,P08240,O15155_P08240,UNKNOWN,SRPRA_HUMAN,2|2|4|2,10,2.5,4,0|1|0|0|1|0|0|0|1|1|1|0|0|0|1|0,0.76,0.98,0.76,0.98,0.76,6.67,0.04,25,2.1
BET1,O15155,P09543,O15155_P09543,UNKNOWN,CN37_HUMAN,4|5|2|4,15,3.75,4,0|0|0|0|0|0|0|0|0|0|0|0|0|0|0|0,0.99,1,0.99,1,0.99,37.5,0,26,1.9
BET1,O15155,P11166,O15155_P11166,UNKNOWN,GTR1_HUMAN,5|5|5|5,20,5,4,1|0|1|0|3|2|1|0|0|2|1|0|1|0|0|1,0.98,0.98,0.98,0.98,0.98,6.15,0,21,2.6
BET1,O15155,P11717,O15155_P11717,UNKNOWN,MPRI_HUMAN,34|30|37|34,135,33.75,4,0|0|0|0|1|0|0|0|0|0|0|0|0|0|0|0,1,1,1,1,1,337.5,0,20,1.7
BET1,O15155,P14868,O15155_P14868,UNKNOWN,SYDC_HUMAN,18|17|19|22,76,19,4,4|7|4|7|9|12|3|3|4|9|3|5|4|7|7|5,0.97,1,0.97,1,0.97,3.27,0.01,121,5
BET1,O15155,P16615,O15155_P16615,UNKNOWN,AT2A2_HUMAN,30|27|29|27,113,28.25,4,8|7|10|6|13|13|7|4|9|13|10|10|5|12|6|6,1,1,1,1,1,3.25,0,92,4.3
BET1,O15155,P17302,O15155_P17302,UNKNOWN,CXA1_HUMAN,3|3|3|2,11,2.75,4,0|0|0|0|0|0|0|0|0|0|0|0|0|0|0|0,0.99,0.99,0.99,0.99,0.99,27.5,0,5,2.8
BET1,O15155,P18085,O15155_P18085,UNKNOWN,ARF4_HUMAN,6|6|7|6,25,6.25,4,0|0|0|1|2|2|0|0|0|0|1|0|1|0|0|0,1,1,1,1,1,14.29,0,67,3
BET1,O15155,P20020,O15155_P20020,UNKNOWN,AT2B1_HUMAN,10|9|6|0,25,6.25,4,0|0|0|0|0|0|0|0|0|0|0|0|0|0|0|0,0.75,1,0.75,1,0.75,62.5,0.04,12,2.1
BET1,O15155,P20042,O15155_P20042,UNKNOWN,IF2B_HUMAN,5|6|4|6,21,5.25,4,1|1|2|1|1|1|0|0|0|0|0|0|1|0|0|0,0.98,1,0.98,1,0.98,10.5,0,71,1.9
BET1,O15155,P20340,O15155_P20340,UNKNOWN,RAB6A_HUMAN,6|4|6|5,21,5.25,4,0|0|0|0|0|0|0|0|0|0|0|0|1|0|0|0,1,1,1,1,1,52.5,0,41,1.3
BET1,O15155,P29317,O15155_P29317,UNKNOWN,EPHA2_HUMAN,14|10|13|10,47,11.75,4,0|0|0|0|1|0|0|0|0|0|0|0|0|0|0|0,1,1,1,1,1,117.5,0,18,1.5
BET1,O15155,P35613,O15155_P35613,UNKNOWN,BASI_HUMAN,3|2|1|2,8,2,4,0|0|0|0|0|0|0|0|0|0|0|0|0|0|0|0,0.73,0.99,0.73,0.99,0.73,20,0.06,40,2
BET1,O15155,P36542,O15155_P36542,UNKNOWN,ATPG_HUMAN,5|6|5|5,21,5.25,4,1|0|1|0|0|1|0|0|0|0|0|0|0|0|0|0,1,1,1,1,1,28,0,68,3.2
BET1,O15155,P40818,O15155_P40818,UNKNOWN,UBP8_HUMAN,5|6|3|6,20,5,4,0|0|0|0|0|1|0|0|0|0|0|0|0|0|0|1,1,1,1,1,1,40,0,1,2
BET1,O15155,P40939,O15155_P40939,UNKNOWN,ECHA_HUMAN,7|8|2|3,20,5,4,0|0|0|0|0|0|0|0|0|1|1|0|1|2|0|2,0.87,1,0.87,1,0.87,11.43,0.02,72,6.8
BET1,O15155,P41252,O15155_P41252,UNKNOWN,SYIC_HUMAN,25|25|26|23,99,24.75,4,2|14|9|8|9|7|4|0|5|8|7|3|3|8|4|6,0.99,1,0.99,1,0.99,4.08,0,106,7.4
BET1,O15155,P42696,O15155_P42696,UNKNOWN,RBM34_HUMAN,4|4|4|4,16,4,4,1|0|0|0|1|1|1|0|0|2|0|2|0|1|0|0,0.94,0.94,0.94,0.94,0.94,7.11,0.01,32,2.9
BET1,O15155,P43034,O15155_P43034,UNKNOWN,LIS1_HUMAN,4|3|3|1,11,2.75,4,0|0|0|0|0|0|0|0|0|0|0|0|0|0|0|0,0.75,1,0.75,1,0.75,27.5,0.05,18,1.5
BET1,O15155,P45880,O15155_P45880,UNKNOWN,VDAC2_HUMAN,3|3|2|2,10,2.5,4,1|0|0|0|1|1|1|1|0|0|0|0|0|0|0|0,0.84,0.94,0.84,0.94,0.84,8,0.03,58,8.1
BET1,O15155,P46459,O15155_P46459,UNKNOWN,NSF_HUMAN,38|38|38|34,148,37,4,0|1|0|2|1|0|0|0|0|1|0|2|0|2|1|2,1,1,1,1,1,49.33,0,31,2
BET1,O15155,P46977,O15155_P46977,UNKNOWN,STT3A_HUMAN,7|5|7|6,25,6.25,4,0|0|1|1|0|1|0|0|0|0|0|0|0|0|0|0,1,1,1,1,1,33.33,0,23,1.7
BET1,O15155,P48047,O15155_P48047,UNKNOWN,ATPO_HUMAN,1|2|2|3,8,2,4,0|0|0|0|0|0|0|0|0|0|0|0|0|0|0|0,0.73,0.99,0.73,0.99,0.73,20,0.06,51,2.8
BET1,O15155,P49257,O15155_P49257,UNKNOWN,LMAN1_HUMAN,8|8|11|7,34,8.5,4,0|0|0|0|0|0|0|0|0|0|0|0|0|0|0|0,1,1,1,1,1,85,0,16,1.4
BET1,O15155,P49757,O15155_P49757,UNKNOWN,NUMB_HUMAN,15|20|18|21,74,18.5,4,2|2|4|2|1|2|2|3|0|0|0|0|0|0|0|0,1,1,1,1,1,16.44,0,11,1.5
BET1,O15155,P50402,O15155_P50402,UNKNOWN,EMD_HUMAN,6|7|5|6,24,6,4,1|0|0|0|0|0|0|0|2|1|1|1|0|1|2|2,0.99,1,0.99,1,0.99,8.73,0,82,3.7
BET1,O15155,P50454,O15155_P50454,UNKNOWN,SERPH_HUMAN,9|7|10|8,34,8.5,4,2|5|2|3|7|4|1|0|1|4|2|2|0|3|1|3,0.77,0.96,0.77,0.96,0.77,3.4,0.04,78,5.7
BET1,O15155,P50851,O15155_P50851,UNKNOWN,LRBA_HUMAN,126|113|128|122,489,122.25,4,17|22|20|18|16|23|9|10|18|16|17|9|24|13|16|10,1,1,1,1,1,7.58,0,20,5.4
BET1,O15155,P51148,O15155_P51148,UNKNOWN,RAB5C_HUMAN,5|4|2|2,13,3.25,4,0|0|0|0|0|0|0|0|0|0|0|0|0|0|0|0,0.98,1,0.98,1,0.98,32.5,0,61,2.5
BET1,O15155,P51151,O15155_P51151,UNKNOWN,RAB9A_HUMAN,3|2|0|3,8,2,4,0|0|0|0|0|0|0|0|0|0|0|0|0|0|0|0,0.74,0.99,0.74,0.99,0.74,20,0.06,4,1.5
BET1,O15155,P51798,O15155_P51798,UNKNOWN,CLCN7_HUMAN,2|2|2|2,8,2,4,0|0|0|0|0|0|0|0|0|0|0|0|0|0|0|0,0.96,0.96,0.96,0.96,0.96,20,0.01,2,1.5
BET1,O15155,P51809,O15155_P51809,UNKNOWN,VAMP7_HUMAN,2|2|2|3,9,2.25,4,0|0|0|0|0|0|0|0|0|0|0|0|0|0|0|0,0.97,0.99,0.97,0.99,0.97,22.5,0.01,0,0
BET1,O15155,P52594,O15155_P52594,UNKNOWN,AGFG1_HUMAN,6|6|5|8,25,6.25,4,3|4|4|1|1|3|1|0|0|1|0|0|1|0|0|0,0.87,0.97,0.87,0.97,0.87,5.26,0.02,9,1.4
BET1,O15155,P53007,O15155_P53007,UNKNOWN,TXTP_HUMAN,4|4|4|5,17,4.25,4,0|0|0|0|0|0|0|0|0|0|0|0|0|0|0|0,1,1,1,1,1,42.5,0,42,3.4
BET1,O15155,P53367,O15155_P53367,UNKNOWN,ARFP1_HUMAN,6|9|6|8,29,7.25,4,1|2|4|0|3|1|0|0|0|0|0|0|0|0|0|0,0.96,0.99,0.96,0.99,0.96,10.55,0.01,2,2.5
BET1,O15155,P54764,O15155_P54764,UNKNOWN,EPHA4_HUMAN,2|2|2|2,8,2,4,0|0|0|0|0|0|0|0|0|0|0|0|0|0|0|0,0.96,0.96,0.96,0.96,0.96,20,0.01,0,0
BET1,O15155,P54920,O15155_P54920,UNKNOWN,SNAA_HUMAN,13|14|9|13,49,12.25,4,0|0|0|0|0|0|0|0|0|0|0|0|0|0|0|0,1,1,1,1,1,122.5,0,3,2
BET1,O15155,P55011,O15155_P55011,UNKNOWN,S12A2_HUMAN,16|15|16|15,62,15.5,4,0|0|0|0|0|0|0|0|0|0|0|0|0|0|0|0,1,1,1,1,1,155,0,5,1
BET1,O15155,P57088,O15155_P57088,UNKNOWN,TMM33_HUMAN,3|2|1|2,8,2,4,0|0|0|0|1|0|0|0|0|0|0|0|0|0|0|0,0.73,0.99,0.73,0.99,0.73,20,0.06,34,1.9
BET1,O15155,P62330,O15155_P62330,UNKNOWN,ARF6_HUMAN,3|3|0|2,8,2,4,0|0|0|0|0|0|0|0|0|0|0|0|0|0|0|0,0.74,0.99,0.74,0.99,0.74,20,0.06,6,1
BET1,O15155,P62633,O15155_P62633,UNKNOWN,CNBP_HUMAN,3|2|5|5,15,3.75,4,1|1|0|1|0|1|1|1|0|1|0|0|1|0|1|0,0.82,0.98,0.82,0.98,0.82,6.67,0.03,16,11.7
BET1,O15155,P63092,O15155_P63092,UNKNOWN,GNAS2_HUMAN,3|3|2|3,11,2.75,4,0|0|0|0|0|0|0|0|0|0|0|0|0|0|0|0,0.99,0.99,0.99,0.99,0.99,27.5,0,55,3.2
BET1,O15155,P82094,O15155_P82094,UNKNOWN,TMF1_HUMAN,20|20|19|16,75,18.75,4,0|0|0|0|1|0|0|0|0|0|0|0|0|0|0|0,1,1,1,1,1,187.5,0,10,1.7
BET1,O15155,Q00059,O15155_Q00059,UNKNOWN,TFAM_HUMAN,2|3|2|2,9,2.25,4,0|0|0|0|0|0|0|0|0|0|0|0|0|0|0|0,0.97,0.99,0.97,0.99,0.97,22.5,0.01,21,2
BET1,O15155,Q01650,O15155_Q01650,UNKNOWN,LAT1_HUMAN,2|3|3|3,11,2.75,4,0|0|0|0|0|0|0|0|0|0|0|0|0|0|0|0,0.99,0.99,0.99,0.99,0.99,27.5,0,35,3.4
BET1,O15155,Q01968,O15155_Q01968,UNKNOWN,OCRL_HUMAN,3|3|1|2,9,2.25,4,0|1|0|0|0|0|1|0|0|0|0|0|0|0|0|0,0.73,0.99,0.73,0.99,0.73,18,0.06,5,1.2
BET1,O15155,Q03001,O15155_Q03001,UNKNOWN,DYST_HUMAN,21|13|14|14,62,15.5,4,0|0|1|0|2|2|2|5|2|0|3|1|1|0|3|1,1,1,1,1,1,10.78,0,27,4
BET1,O15155,Q04721,O15155_Q04721,UNKNOWN,NOTC2_HUMAN,6|6|6|5,23,5.75,4,0|0|0|0|0|0|0|0|0|0|0|0|0|0|0|0,1,1,1,1,1,57.5,0,7,16.6
BET1,O15155,Q07065,O15155_Q07065,UNKNOWN,CKAP4_HUMAN,10|10|6|6,32,8,4,0|0|0|1|1|0|0|0|0|0|0|0|0|0|0|0,1,1,1,1,1,64,0,58,5
BET1,O15155,Q08378,O15155_Q08378,UNKNOWN,GOGA3_HUMAN,34|34|31|35,134,33.5,4,0|0|0|0|0|1|0|0|0|0|0|0|0|0|0|0,1,1,1,1,1,335,0,23,5.3
BET1,O15155,Q08379,O15155_Q08379,UNKNOWN,GOGA2_HUMAN,3|2|2|3,10,2.5,4,0|0|0|0|0|0|0|0|0|0|0|0|0|1|0|0,0.98,0.99,0.98,0.99,0.98,25,0,26,5.2
BET1,O15155,Q08J23,O15155_Q08J23,UNKNOWN,NSUN2_HUMAN,12|12|10|11,45,11.25,4,2|4|3|1|1|3|1|1|4|4|3|1|0|5|2|3,0.99,1,0.99,1,0.99,4.74,0,78,3.6
BET1,O15155,Q12904,O15155_Q12904,UNKNOWN,AIMP1_HUMAN,7|6|4|4,21,5.25,4,0|1|1|1|2|1|0|1|0|3|1|3|1|0|0|0,0.91,1,0.91,1,0.91,5.6,0.01,71,3.5
BET1,O15155,Q13011,O15155_Q13011,UNKNOWN,ECH1_HUMAN,10|8|12|12,42,10.5,4,0|0|2|2|2|1|2|2|6|6|5|3|5|4|3|1,0.87,0.99,0.87,0.99,0.87,3.82,0.02,65,2.8
BET1,O15155,Q13190,O15155_Q13190,KNOWN,STX5_HUMAN,13|10|8|12,43,10.75,4,0|0|0|0|0|0|0|0|0|0|0|0|0|0|0|0,1,1,1,1,1,107.5,0,3,1.7
BET1,O15155,Q13439,O15155_Q13439,UNKNOWN,GOGA4_HUMAN,21|26|34|31,112,28,4,0|0|0|0|0|0|0|0|0|0|0|0|0|0|0|0,1,1,1,1,1,280,0,3,1.3
BET1,O15155,Q13601,O15155_Q13601,UNKNOWN,KRR1_HUMAN,2|2|2|2,8,2,4,0|0|0|0|0|0|0|0|0|0|1|0|0|0|0|0,0.96,0.96,0.96,0.96,0.96,20,0.01,26,2
BET1,O15155,Q13948,O15155_Q13948,UNKNOWN,CASP_HUMAN,4|5|3|6,18,4.5,4,0|0|0|0|0|0|0|0|0|0|0|0|0|0|3|2,0.95,0.99,0.95,0.99,0.95,14.4,0.01,28,4.7
BET1,O15155,Q14126,O15155_Q14126,UNKNOWN,DSG2_HUMAN,10|12|10|13,45,11.25,4,1|0|1|2|3|2|0|0|0|0|0|0|0|0|0|0,1,1,1,1,1,20,0,37,17.9
BET1,O15155,Q14254,O15155_Q14254,UNKNOWN,FLOT2_HUMAN,2|3|2|2,9,2.25,4,0|0|0|0|0|0|0|0|0|0|0|0|1|0|0|0,0.97,0.99,0.97,0.99,0.97,22.5,0.01,11,10.1
BET1,O15155,Q14677,O15155_Q14677,UNKNOWN,EPN4_HUMAN,22|22|20|22,86,21.5,4,9|10|7|6|11|14|6|4|7|6|6|3|7|5|4|3,0.97,0.99,0.97,0.99,0.97,3.19,0.01,40,8.1
BET1,O15155,Q14683,O15155_Q14683,UNKNOWN,SMC1A_HUMAN,24|19|23|26,92,23,4,4|5|3|6|4|8|4|4|1|9|5|6|2|8|1|2,1,1,1,1,1,5.11,0,79,5.7
BET1,O15155,Q14684,O15155_Q14684,UNKNOWN,RRP1B_HUMAN,14|17|15|19,65,16.25,4,2|1|1|2|3|2|4|3|4|11|6|6|4|3|3|4,0.99,1,0.99,1,0.99,4.41,0,62,4.5
BET1,O15155,Q14690,O15155_Q14690,UNKNOWN,RRP5_HUMAN,5|9|4|4,22,5.5,4,0|0|0|0|0|0|0|0|0|3|1|1|0|1|0|0,0.97,1,0.97,1,0.97,14.67,0.01,38,6.6
BET1,O15155,Q14789,O15155_Q14789,UNKNOWN,GOGB1_HUMAN,80|81|83|74,318,79.5,4,0|0|0|0|1|0|1|0|0|0|0|0|0|0|0|0,1,1,1,1,1,636,0,15,2.5
BET1,O15155,Q15043,O15155_Q15043,UNKNOWN,S39AE_HUMAN,3|4|3|2,12,3,4,0|0|0|0|0|0|0|0|0|0|0|0|0|0|0|0,0.99,1,0.99,1,0.99,30,0,2,1
BET1,O15155,Q15046,O15155_Q15046,UNKNOWN,SYK_HUMAN,13|12|12|14,51,12.75,4,2|1|2|0|1|2|0|0|0|3|2|0|0|2|1|0,1,1,1,1,1,12.75,0,70,4.6
BET1,O15155,Q15276,O15155_Q15276,UNKNOWN,RABE1_HUMAN,0|3|6|4,13,3.25,4,0|1|0|1|1|0|0|1|0|0|0|0|0|0|0|0,0.74,1,0.74,1,0.74,13,0.06,13,1.1
BET1,O15155,Q15436,O15155_Q15436,UNKNOWN,SC23A_HUMAN,11|6|10|13,40,10,4,0|0|0|0|2|1|0|0|0|1|0|0|1|3|1|3,0.99,1,0.99,1,0.99,13.33,0,32,1.8
BET1,O15155,Q15437,O15155_Q15437,UNKNOWN,SC23B_HUMAN,16|11|16|18,61,15.25,4,3|2|1|0|2|2|0|1|0|0|0|0|0|0|0|0,1,1,1,1,1,22.18,0,30,1.6
BET1,O15155,Q15643,O15155_Q15643,UNKNOWN,TRIPB_HUMAN,37|39|46|38,160,40,4,0|0|0|0|0|0|0|0|0|0|0|0|0|0|0|0,1,1,1,1,1,400,0,12,4.4
BET1,O15155,Q15645,O15155_Q15645,UNKNOWN,PCH2_HUMAN,3|4|3|2,12,3,4,0|0|0|0|0|0|0|0|1|0|0|0|0|0|1|0,0.98,1,0.98,1,0.98,24,0,27,2.2
BET1,O15155,Q15836,O15155_Q15836,UNKNOWN,VAMP3_HUMAN,5|4|4|4,17,4.25,4,0|0|0|0|0|1|0|0|0|0|0|0|0|0|0|0,1,1,1,1,1,42.5,0,25,1.8
BET1,O15155,Q16625,O15155_Q16625,UNKNOWN,OCLN_HUMAN,4|4|2|5,15,3.75,4,0|0|0|0|0|0|0|0|0|0|0|0|0|0|0|0,0.99,1,0.99,1,0.99,37.5,0,2,10.5
BET1,O15155,Q16775,O15155_Q16775,UNKNOWN,GLO2_HUMAN,7|7|6|8,28,7,4,0|1|0|0|3|1|1|1|1|3|0|3|1|2|1|3,0.97,0.99,0.97,0.99,0.97,5.33,0.01,47,2.9
BET1,O15155,Q16891,O15155_Q16891,UNKNOWN,MIC60_HUMAN,5|6|3|4,18,4.5,4,0|0|0|0|2|2|1|1|0|0|0|0|0|0|0|0,0.96,1,0.96,1,0.96,12,0.01,44,5.4
BET1,O15155,Q3YEC7,O15155_Q3YEC7,UNKNOWN,RABL6_HUMAN,11|12|11|11,45,11.25,4,7|6|5|3|4|5|2|1|2|4|4|3|3|3|4|2,0.85,0.94,0.85,0.94,0.85,3.1,0.02,17,2.2
BET1,O15155,Q4ADV7,O15155_Q4ADV7,UNKNOWN,RIC1_HUMAN,2|2|4|2,10,2.5,4,0|0|0|0|0|0|0|0|0|0|0|0|0|1|0|0,0.97,1,0.97,1,0.97,25,0.01,0,0
BET1,O15155,Q5HYI8,O15155_Q5HYI8,UNKNOWN,RABL3_HUMAN,4|2|2|3,11,2.75,4,0|0|0|0|0|0|0|0|0|0|0|0|0|0|0|0,0.98,1,0.98,1,0.98,27.5,0,5,1.6
BET1,O15155,Q5JTD0,O15155_Q5JTD0,UNKNOWN,TJAP1_HUMAN,2|3|4|7,16,4,4,0|0|0|0|0|0|0|0|0|0|0|0|0|0|0|0,0.99,1,0.99,1,0.99,40,0,1,2
BET1,O15155,Q5JTH9,O15155_Q5JTH9,UNKNOWN,RRP12_HUMAN,21|18|24|20,83,20.75,4,0|2|1|0|1|1|0|0|4|6|7|7|5|5|4|8,0.99,1,0.99,1,0.99,6.51,0,61,3.8
BET1,O15155,Q5SRE5,O15155_Q5SRE5,UNKNOWN,NU188_HUMAN,2|4|2|2,10,2.5,4,0|0|0|0|0|0|0|0|1|0|0|0|0|0|0|0,0.97,1,0.97,1,0.97,25,0.01,21,2.4
BET1,O15155,Q5T4S7,O15155_Q5T4S7,UNKNOWN,UBR4_HUMAN,8|5|9|8,30,7.5,4,0|4|0|0|0|0|0|0|1|1|2|0|3|2|2|2,0.95,0.99,0.95,0.99,0.95,7.06,0.01,36,15.2
BET1,O15155,Q5T7V8,O15155_Q5T7V8,UNKNOWN,GORAB_HUMAN,7|9|7|8,31,7.75,4,0|0|0|0|0|0|0|0|0|0|0|0|0|0|0|0,1,1,1,1,1,77.5,0,0,0
BET1,O15155,Q5T9A4,O15155_Q5T9A4,UNKNOWN,ATD3B_HUMAN,5|4|6|6,21,5.25,4,0|0|0|0|0|0|0|0|0|0|0|0|0|0|0|0,1,1,1,1,1,52.5,0,59,4.8
BET1,O15155,Q641Q2,O15155_Q641Q2,UNKNOWN,FA21A_HUMAN,12|9|10|11,42,10.5,4,0|0|0|0|8|0|0|0|0|0|0|0|0|0|0|4,0.97,0.98,0.97,0.98,0.97,14,0.01,24,4.3
BET1,O15155,Q658P3,O15155_Q658P3,UNKNOWN,STEA3_HUMAN,6|5|8|4,23,5.75,4,0|0|0|0|0|0|0|0|0|0|0|0|0|0|0|0,1,1,1,1,1,57.5,0,0,0
BET1,O15155,Q658Y4,O15155_Q658Y4,UNKNOWN,F91A1_HUMAN,33|28|31|23,115,28.75,4,7|9|9|7|10|8|1|0|8|7|6|8|7|10|6|8,1,1,1,1,1,4.14,0,21,2.3
BET1,O15155,Q6NXT4,O15155_Q6NXT4,UNKNOWN,ZNT6_HUMAN,5|5|2|2,14,3.5,4,0|0|0|0|0|0|0|0|0|0|0|0|0|0|0|0,0.98,1,0.98,1,0.98,35,0,0,0
BET1,O15155,Q6P3W7,O15155_Q6P3W7,UNKNOWN,SCYL2_HUMAN,2|2|2|2,8,2,4,0|0|0|0|0|0|0|0|0|0|0|0|0|1|0|0,0.96,0.96,0.96,0.96,0.96,20,0.01,40,15.1
BET1,O15155,Q6P996,O15155_Q6P996,UNKNOWN,PDXD1_HUMAN,20|19|28|24,91,22.75,4,0|0|0|0|1|0|0|0|0|0|0|0|0|0|0|0,1,1,1,1,1,227.5,0,5,1
BET1,O15155,Q7L0Y3,O15155_Q7L0Y3,UNKNOWN,MRRP1_HUMAN,3|3|3|5,14,3.5,4,0|0|0|0|0|0|0|0|0|0|0|0|0|0|0|0,1,1,1,1,1,35,0,21,2.7
BET1,O15155,Q7L2E3,O15155_Q7L2E3,UNKNOWN,DHX30_HUMAN,18|16|16|19,69,17.25,4,0|0|1|0|0|0|0|0|1|1|1|2|2|2|1|2,1,1,1,1,1,21.23,0,62,9.4
BET1,O15155,Q7Z2T5,O15155_Q7Z2T5,UNKNOWN,TRM1L_HUMAN,3|3|3|2,11,2.75,4,0|0|0|0|0|0|0|0|0|0|0|0|0|0|0|0,0.99,0.99,0.99,0.99,0.99,27.5,0,43,2.2
BET1,O15155,Q7Z2W4,O15155_Q7Z2W4,UNKNOWN,ZCCHV_HUMAN,9|10|8|12,39,9.75,4,1|6|4|4|3|3|1|2|3|4|1|0|1|3|0|1,0.95,1,0.95,1,0.95,4.22,0.01,58,6.3
BET1,O15155,Q7Z392,O15155_Q7Z392,UNKNOWN,TPC11_HUMAN,3|5|5|0,13,3.25,4,0|0|0|0|0|0|0|0|0|0|0|0|0|0|0|0,0.75,1,0.75,1,0.75,32.5,0.05,0,0
BET1,O15155,Q7Z3T8,O15155_Q7Z3T8,UNKNOWN,ZFY16_HUMAN,14|14|23|16,67,16.75,4,7|9|2|1|4|7|4|3|2|5|1|2|3|2|6|1,0.98,1,0.98,1,0.98,4.54,0,12,1.6
BET1,O15155,Q7Z3U7,O15155_Q7Z3U7,UNKNOWN,MON2_HUMAN,8|9|9|8,34,8.5,4,0|0|0|0|0|0|0|0|0|0|0|0|0|0|0|0,1,1,1,1,1,85,0,11,1.8
BET1,O15155,Q7Z6Z7,O15155_Q7Z6Z7,UNKNOWN,HUWE1_HUMAN,6|7|7|9,29,7.25,4,0|1|3|0|1|2|0|0|1|0|3|1|2|3|1|1,0.99,1,0.99,1,0.99,6.11,0,74,11.1
BET1,O15155,Q7Z7G8,O15155_Q7Z7G8,UNKNOWN,VP13B_HUMAN,16|16|23|18,73,18.25,4,0|0|0|0|0|0|0|0|0|0|0|0|0|0|0|0,1,1,1,1,1,182.5,0,0,0
BET1,O15155,Q86X29,O15155_Q86X29,UNKNOWN,LSR_HUMAN,4|5|4|6,19,4.75,4,0|0|0|0|0|0|0|0|0|0|0|0|0|0|0|0,1,1,1,1,1,47.5,0,4,1.8
BET1,O15155,Q86Y82,O15155_Q86Y82,UNKNOWN,STX12_HUMAN,6|5|5|3,19,4.75,4,0|0|0|1|0|0|0|0|0|0|0|0|0|0|0|0,1,1,1,1,1,47.5,0,0,0
BET1,O15155,Q8IUW5,O15155_Q8IUW5,UNKNOWN,RELL1_HUMAN,2|2|3|2,9,2.25,4,0|0|1|1|2|0|1|1|0|0|0|0|0|0|0|0,0.76,0.95,0.76,0.95,0.76,6,0.04,0,0
BET1,O15155,Q8IWJ2,O15155_Q8IWJ2,UNKNOWN,GCC2_HUMAN,24|30|36|33,123,30.75,4,0|0|0|0|1|1|0|0|0|0|0|0|0|0|0|0,1,1,1,1,1,246,0,7,1.3
BET1,O15155,Q8IY81,O15155_Q8IY81,UNKNOWN,SPB1_HUMAN,17|10|14|13,54,13.5,4,0|1|1|1|0|1|1|0|0|1|1|2|0|1|0|1,1,1,1,1,1,19.64,0,63,8.5
BET1,O15155,Q8IYB1,O15155_Q8IYB1,UNKNOWN,M21D2_HUMAN,3|6|4|3,16,4,4,4|0|1|0|0|0|0|0|0|0|0|0|0|0|0|0,0.93,0.98,0.93,0.98,0.93,12.8,0.01,0,0
BET1,O15155,Q8IZA0,O15155_Q8IZA0,UNKNOWN,K319L_HUMAN,8|8|9|13,38,9.5,4,0|0|0|0|0|0|0|0|0|0|0|0|0|0|0|0,1,1,1,1,1,95,0,0,0
BET1,O15155,Q8IZE3,O15155_Q8IZE3,UNKNOWN,PACE1_HUMAN,16|13|15|14,58,14.5,4,0|0|0|0|0|0|0|0|0|0|0|0|0|0|0|0,1,1,1,1,1,145,0,0,0
BET1,O15155,Q8IZJ1,O15155_Q8IZJ1,UNKNOWN,UNC5B_HUMAN,7|8|11|9,35,8.75,4,0|0|0|0|0|0|0|0|0|0|0|0|0|0|0|0,1,1,1,1,1,87.5,0,0,0
BET1,O15155,Q8N1F7,O15155_Q8N1F7,UNKNOWN,NUP93_HUMAN,7|7|5|6,25,6.25,4,0|0|1|0|0|0|0|0|0|1|0|0|0|0|0|0,1,1,1,1,1,50,0,58,3.8
BET1,O15155,Q8N6H7,O15155_Q8N6H7,UNKNOWN,ARFG2_HUMAN,7|7|6|9,29,7.25,4,0|0|1|0|0|0|0|0|0|0|0|0|0|0|0|0,1,1,1,1,1,72.5,0,4,1
BET1,O15155,Q8NBN3,O15155_Q8NBN3,UNKNOWN,TM87A_HUMAN,11|11|10|11,43,10.75,4,0|0|0|0|0|0|0|0|0|0|0|0|0|0|0|0,1,1,1,1,1,107.5,0,2,1
BET1,O15155,Q8NDI1,O15155_Q8NDI1,UNKNOWN,EHBP1_HUMAN,4|4|7|9,24,6,4,2|2|2|1|2|5|0|1|1|1|0|1|1|0|1|1,0.78,1,0.78,1,0.78,4.57,0.04,19,2.3
BET1,O15155,Q8NFP9,O15155_Q8NFP9,UNKNOWN,NBEA_HUMAN,15|16|16|17,64,16,4,0|0|0|0|0|0|0|0|0|0|0|0|0|1|0|0,1,1,1,1,1,160,0,7,2.3
BET1,O15155,Q8TAA9,O15155_Q8TAA9,UNKNOWN,VANG1_HUMAN,6|5|7|5,23,5.75,4,0|0|0|0|1|0|0|0|0|0|0|0|0|0|0|0,1,1,1,1,1,57.5,0,8,1.3
BET1,O15155,Q8TAD4,O15155_Q8TAD4,UNKNOWN,ZNT5_HUMAN,4|4|3|3,14,3.5,4,0|0|0|0|0|0|0|0|0|0|0|0|0|0|0|0,1,1,1,1,1,35,0,0,0
BET1,O15155,Q8TBA6,O15155_Q8TBA6,UNKNOWN,GOGA5_HUMAN,22|20|24|22,88,22,4,0|0|0|0|2|1|1|0|1|2|0|0|0|1|0|1,1,1,1,1,1,39.11,0,18,2.6
BET1,O15155,Q8TCJ2,O15155_Q8TCJ2,UNKNOWN,STT3B_HUMAN,4|3|4|4,15,3.75,4,0|0|0|0|0|0|0|0|0|0|0|0|0|0|0|0,1,1,1,1,1,37.5,0,9,1.6
BET1,O15155,Q8TCT9,O15155_Q8TCT9,UNKNOWN,HM13_HUMAN,2|3|4|3,12,3,4,0|0|0|0|0|0|0|0|0|0|0|0|0|0|0|0,0.99,1,0.99,1,0.99,30,0,22,1.2
BET1,O15155,Q8TDD1,O15155_Q8TDD1,UNKNOWN,DDX54_HUMAN,5|4|3|6,18,4.5,4,0|0|1|0|1|2|1|0|2|0|2|0|0|0|0|0,0.93,1,0.93,1,0.93,8,0.01,49,4.1
BET1,O15155,Q8WTW3,O15155_Q8WTW3,UNKNOWN,COG1_HUMAN,2|2|2|3,9,2.25,4,0|0|0|0|0|0|0|0|0|0|0|0|0|0|0|0,0.97,0.99,0.97,0.99,0.97,22.5,0.01,2,1
BET1,O15155,Q8WVM8,O15155_Q8WVM8,UNKNOWN,SCFD1_HUMAN,20|19|22|18,79,19.75,4,0|0|1|0|0|0|0|0|0|0|0|0|0|0|0|0,1,1,1,1,1,197.5,0,17,1.5
BET1,O15155,Q8WVQ1,O15155_Q8WVQ1,UNKNOWN,CANT1_HUMAN,4|3|2|4,13,3.25,4,0|0|0|0|0|0|0|0|0|0|0|0|0|0|0|0,0.99,1,0.99,1,0.99,32.5,0,0,0
BET1,O15155,Q92538,O15155_Q92538,UNKNOWN,GBF1_HUMAN,2|5|4|6,17,4.25,4,0|0|0|0|0|0|0|0|0|0|0|0|0|0|0|0,0.99,1,0.99,1,0.99,42.5,0,6,1.5
BET1,O15155,Q92546,O15155_Q92546,UNKNOWN,RGP1_HUMAN,2|2|2|2,8,2,4,0|0|0|0|0|0|0|0|0|0|0|0|0|0|0|0,0.96,0.96,0.96,0.96,0.96,20,0.01,0,0
BET1,O15155,Q92621,O15155_Q92621,UNKNOWN,NU205_HUMAN,10|13|15|9,47,11.75,4,0|0|0|0|0|1|0|0|1|0|0|0|1|1|1|0,1,1,1,1,1,37.6,0,37,4.1
BET1,O15155,Q92734,O15155_Q92734,UNKNOWN,TFG_HUMAN,4|6|5|5,20,5,4,0|0|0|1|0|0|0|0|1|0|0|2|0|0|0|0,0.99,1,0.99,1,0.99,20,0,44,3.8
BET1,O15155,Q92783,O15155_Q92783,UNKNOWN,STAM1_HUMAN,19|16|16|17,68,17,4,2|5|5|3|3|4|1|1|1|2|0|1|0|3|1|2,1,1,1,1,1,8,0,12,1.3
BET1,O15155,Q92953,O15155_Q92953,UNKNOWN,KCNB2_HUMAN,3|2|3|5,13,3.25,4,0|0|0|0|0|0|0|0|0|0|0|0|0|0|0|0,0.99,1,0.99,1,0.99,32.5,0,2,1
BET1,O15155,Q92974,O15155_Q92974,UNKNOWN,ARHG2_HUMAN,3|2|7|6,18,4.5,4,0|1|0|0|0|0|1|0|2|1|1|0|2|1|1|0,0.8,1,0.8,1,0.8,7.2,0.03,19,1.5
BET1,O15155,Q96A49,O15155_Q96A49,UNKNOWN,SYAP1_HUMAN,11|12|13|10,46,11.5,4,1|1|0|0|1|2|0|0|0|0|0|0|0|2|0|3,1,1,1,1,1,18.4,0,30,2
BET1,O15155,Q96AJ9,O15155_Q96AJ9,UNKNOWN,VTI1A_HUMAN,2|2|2|2,8,2,4,0|0|0|0|0|0|0|0|0|0|0|0|0|0|0|0,0.96,0.96,0.96,0.96,0.96,20,0.01,2,1
BET1,O15155,Q96CN9,O15155_Q96CN9,UNKNOWN,GCC1_HUMAN,6|4|9|12,31,7.75,4,0|0|0|0|0|0|0|0|0|0|0|0|0|0|0|0,1,1,1,1,1,77.5,0,2,1
BET1,O15155,Q96F07,O15155_Q96F07,UNKNOWN,CYFP2_HUMAN,6|6|8|5,25,6.25,4,7|6|9|0|0|0|0|0|0|0|0|0|0|0|0|0,0.8,0.88,0.8,0.88,0.8,4.55,0.03,46,3.9
BET1,O15155,Q96ME7,O15155_Q96ME7,UNKNOWN,ZN512_HUMAN,13|11|15|12,51,12.75,4,0|1|3|1|4|3|3|2|1|5|1|3|0|3|1|1,1,1,1,1,1,6.38,0,24,3.8
BET1,O15155,Q96PK6,O15155_Q96PK6,UNKNOWN,RBM14_HUMAN,8|5|6|5,24,6,4,0|1|1|1|3|1|0|0|0|0|0|0|0|0|0|0,0.99,1,0.99,1,0.99,13.71,0,52,2.2
BET1,O15155,Q96QD8,O15155_Q96QD8,UNKNOWN,S38A2_HUMAN,2|2|0|3,7,1.75,4,0|0|0|0|1|0|0|0|0|0|0|0|0|0|0|0,0.73,0.99,0.73,0.99,0.73,17.5,0.06,15,2.2
BET1,O15155,Q96SI9,O15155_Q96SI9,UNKNOWN,STRBP_HUMAN,4|4|2|5,15,3.75,4,0|3|0|1|1|0|1|0|0|0|0|0|1|0|0|0,0.87,0.98,0.87,0.98,0.87,8.57,0.02,69,3.1
BET1,O15155,Q99747,O15155_Q99747,UNKNOWN,SNAG_HUMAN,5|3|2|2,12,3,4,0|0|0|0|0|0|0|0|0|0|0|0|0|0|0|0,0.98,1,0.98,1,0.98,30,0,1,1
BET1,O15155,Q99767,O15155_Q99767,UNKNOWN,APBA2_HUMAN,2|3|2|2,9,2.25,4,0|0|0|0|0|0|0|0|0|0|0|0|0|0|0|0,0.97,0.99,0.97,0.99,0.97,22.5,0.01,0,0
BET1,O15155,Q9BRJ6,O15155_Q9BRJ6,UNKNOWN,CG050_HUMAN,4|6|4|5,19,4.75,4,0|0|0|0|0|0|0|0|0|3|2|1|1|2|1|0,0.92,0.98,0.92,0.98,0.92,7.6,0.01,25,1.5
BET1,O15155,Q9BY77,O15155_Q9BY77,UNKNOWN,PDIP3_HUMAN,3|2|2|3,10,2.5,4,0|0|0|0|0|0|0|0|0|0|0|0|0|0|0|0,0.98,0.99,0.98,0.99,0.98,25,0,79,6.2
BET1,O15155,Q9BYG3,O15155_Q9BYG3,UNKNOWN,MK67I_HUMAN,3|3|2|0,8,2,4,0|0|0|0|0|0|0|0|0|0|0|0|0|0|0|0,0.74,0.99,0.74,0.99,0.74,20,0.06,27,2.7
BET1,O15155,Q9BZE4,O15155_Q9BZE4,UNKNOWN,NOG1_HUMAN,12|14|18|17,61,15.25,4,0|0|0|0|0|1|1|0|1|5|2|3|1|7|0|3,0.99,1,0.99,1,0.99,10.17,0,56,4.7
BET1,O15155,Q9BZH6,O15155_Q9BZH6,UNKNOWN,WDR11_HUMAN,39|37|45|44,165,41.25,4,13|19|15|11|14|19|6|6|14|18|19|13|17|15|11|17,0.9,1,0.9,1,0.9,2.91,0.02,16,3.1
BET1,O15155,Q9C004,O15155_Q9C004,UNKNOWN,SPY4_HUMAN,3|1|2|2,8,2,4,0|0|0|0|0|0|0|0|0|0|0|0|0|0|0|0,0.73,0.99,0.73,0.99,0.73,20,0.06,0,0
BET1,O15155,Q9GZR7,O15155_Q9GZR7,UNKNOWN,DDX24_HUMAN,9|13|9|11,42,10.5,4,0|0|0|0|0|2|0|1|4|3|7|0|5|4|4|1,0.92,0.97,0.92,0.97,0.92,5.42,0.01,40,3.4
BET1,O15155,Q9H2G9,O15155_Q9H2G9,UNKNOWN,GO45_HUMAN,3|3|5|3,14,3.5,4,0|0|0|0|0|0|0|0|0|0|0|0|0|0|0|0,1,1,1,1,1,35,0,0,0
BET1,O15155,Q9H2J7,O15155_Q9H2J7,UNKNOWN,S6A15_HUMAN,15|15|15|15,60,15,4,0|0|0|0|0|0|0|0|0|1|0|0|0|0|0|0,1,1,1,1,1,150,0,3,1.7
BET1,O15155,Q9H3P7,O15155_Q9H3P7,UNKNOWN,GCP60_HUMAN,28|28|31|31,118,29.5,4,4|6|6|3|7|4|2|4|0|0|1|0|1|0|1|0,1,1,1,1,1,12.1,0,22,1.5
BET1,O15155,Q9H8Y8,O15155_Q9H8Y8,UNKNOWN,GORS2_HUMAN,12|12|15|12,51,12.75,4,0|1|0|1|0|3|0|1|0|0|0|0|0|0|0|0,1,1,1,1,1,34,0,5,1.2
BET1,O15155,Q9HAV7,O15155_Q9HAV7,UNKNOWN,GRPE1_HUMAN,4|5|4|4,17,4.25,4,0|0|0|0|0|0|0|0|0|2|0|1|0|3|0|2,0.91,0.95,0.91,0.95,0.91,8.5,0.01,79,2.8
BET1,O15155,Q9HD26,O15155_Q9HD26,UNKNOWN,GOPC_HUMAN,29|30|31|34,124,31,4,1|1|1|0|1|0|0|0|0|0|0|0|0|0|0|0,1,1,1,1,1,124,0,2,1
BET1,O15155,Q9HD33,O15155_Q9HD33,UNKNOWN,RM47_HUMAN,3|4|2|0,9,2.25,4,0|0|0|0|0|0|0|0|0|0|0|0|0|0|0|0,0.74,1,0.74,1,0.74,22.5,0.05,16,1.3
BET1,O15155,Q9HDC5,O15155_Q9HDC5,UNKNOWN,JPH1_HUMAN,2|2|2|2,8,2,4,0|0|0|0|0|0|0|0|0|0|0|0|0|0|0|0,0.96,0.96,0.96,0.96,0.96,20,0.01,11,1.2
BET1,O15155,Q9NNW5,O15155_Q9NNW5,UNKNOWN,WDR6_HUMAN,14|15|11|7,47,11.75,4,1|1|1|0|0|2|1|0|1|1|1|0|1|1|1|0,1,1,1,1,1,15.67,0,11,4.2
BET1,O15155,Q9NP61,O15155_Q9NP61,UNKNOWN,ARFG3_HUMAN,13|12|14|10,49,12.25,4,0|3|0|0|1|1|1|1|0|0|0|0|0|1|0|0,1,1,1,1,1,24.5,0,3,1
BET1,O15155,Q9NQX7,O15155_Q9NQX7,UNKNOWN,ITM2C_HUMAN,4|3|3|3,13,3.25,4,0|0|0|0|0|0|0|0|0|0|0|0|0|0|0|0,1,1,1,1,1,32.5,0,1,1
BET1,O15155,Q9NR31,O15155_Q9NR31,UNKNOWN,SAR1A_HUMAN,1|2|3|2,8,2,4,0|0|0|0|0|0|0|0|0|0|0|0|0|0|0|0,0.73,0.99,0.73,0.99,0.73,20,0.06,17,1.6
BET1,O15155,Q9NRW7,O15155_Q9NRW7,UNKNOWN,VPS45_HUMAN,12|16|12|11,51,12.75,4,0|0|1|0|1|4|0|0|0|0|0|0|0|0|0|0,1,1,1,1,1,34,0,0,0
BET1,O15155,Q9NU19,O15155_Q9NU19,UNKNOWN,TB22B_HUMAN,5|6|5|6,22,5.5,4,0|0|0|0|0|0|0|0|0|0|0|0|0|0|0|0,1,1,1,1,1,55,0,0,0
BET1,O15155,Q9NUU7,O15155_Q9NUU7,UNKNOWN,DD19A_HUMAN,3|3|3|4,13,3.25,4,0|0|0|0|0|0|0|1|0|0|0|0|0|0|0|0,1,1,1,1,1,32.5,0,19,1.4
BET1,O15155,Q9NVI1,O15155_Q9NVI1,UNKNOWN,FANCI_HUMAN,4|3|4|1,12,3,4,0|0|0|0|1|0|0|0|0|0|0|0|0|1|0|0,0.75,1,0.75,1,0.75,24,0.05,33,2.3
BET1,O15155,Q9NVP1,O15155_Q9NVP1,UNKNOWN,DDX18_HUMAN,7|6|5|10,28,7,4,0|1|2|0|0|1|1|2|1|0|2|0|1|1|0|1,0.98,1,0.98,1,0.98,8.62,0,66,5.2
BET1,O15155,Q9NW13,O15155_Q9NW13,UNKNOWN,RBM28_HUMAN,9|10|8|8,35,8.75,4,0|0|1|0|0|1|0|0|4|1|1|1|0|1|0|0,1,1,1,1,1,14,0,54,3.4
BET1,O15155,Q9NX58,O15155_Q9NX58,UNKNOWN,LYAR_HUMAN,9|8|8|9,34,8.5,4,0|0|1|2|1|1|1|0|3|2|1|3|2|1|0|0,1,1,1,1,1,7.56,0,44,2
BET1,O15155,Q9NXF1,O15155_Q9NXF1,UNKNOWN,TEX10_HUMAN,2|3|1|2,8,2,4,0|0|0|0|0|0|0|0|0|0|0|0|0|0|0|0,0.73,0.99,0.73,0.99,0.73,20,0.06,34,2.7
BET1,O15155,Q9NY93,O15155_Q9NY93,UNKNOWN,DDX56_HUMAN,9|10|5|4,28,7,4,0|0|0|1|1|1|0|0|0|3|1|4|0|3|0|0,0.9,0.99,0.9,0.99,0.9,8,0.02,40,1.9
BET1,O15155,Q9NYM9,O15155_Q9NYM9,UNKNOWN,BET1L_HUMAN,2|4|3|2,11,2.75,4,0|0|0|0|0|0|0|0|0|0|0|0|0|0|0|0,0.98,1,0.98,1,0.98,27.5,0,0,0
BET1,O15155,Q9NZ01,O15155_Q9NZ01,UNKNOWN,TECR_HUMAN,9|7|5|3,24,6,4,0|0|0|0|0|0|0|0|0|0|1|0|1|0|1|0,0.99,1,0.99,1,0.99,32,0,54,2.2
BET1,O15155,Q9NZ52,O15155_Q9NZ52,UNKNOWN,GGA3_HUMAN,3|2|7|6,18,4.5,4,1|0|1|0|0|0|1|2|0|0|0|0|1|1|0|0,0.87,1,0.87,1,0.87,10.29,0.02,4,1.8
BET1,O15155,Q9NZM5,O15155_Q9NZM5,UNKNOWN,GSCR2_HUMAN,5|3|4|5,17,4.25,4,0|0|0|0|0|2|0|0|1|5|0|1|1|2|0|0,0.8,0.88,0.8,0.88,0.8,5.67,0.03,46,1.9
BET1,O15155,Q9P035,O15155_Q9P035,UNKNOWN,HACD3_HUMAN,2|4|4|5,15,3.75,4,0|0|0|0|0|0|0|0|0|0|0|0|0|0|0|0,0.99,1,0.99,1,0.99,37.5,0,55,2.5
BET1,O15155,Q9P0L0,O15155_Q9P0L0,UNKNOWN,VAPA_HUMAN,2|2|2|3,9,2.25,4,0|0|0|0|0|0|0|0|1|1|1|0|1|1|0|0,0.8,0.94,0.8,0.94,0.8,7.2,0.03,39,2.5
BET1,O15155,Q9P287,O15155_Q9P287,UNKNOWN,BCCIP_HUMAN,1|3|3|2,9,2.25,4,0|0|1|0|1|0|0|0|0|0|0|0|0|0|0|0,0.73,0.99,0.73,0.99,0.73,18,0.06,23,1.5
BET1,O15155,Q9P2D6,O15155_Q9P2D6,UNKNOWN,F135A_HUMAN,10|9|13|14,46,11.5,4,0|0|0|0|0|1|0|0|0|0|0|0|0|0|0|0,1,1,1,1,1,115,0,0,0
BET1,O15155,Q9P2E9,O15155_Q9P2E9,UNKNOWN,RRBP1_HUMAN,6|5|5|4,20,5,4,0|0|0|0|0|0|0|0|4|2|1|0|2|1|2|0,0.89,0.95,0.89,0.95,0.89,6.67,0.02,58,5.4
BET1,O15155,Q9P2J5,O15155_Q9P2J5,UNKNOWN,SYLC_HUMAN,30|31|28|29,118,29.5,4,9|12|13|5|12|13|1|1|2|6|5|5|2|4|1|5,0.99,0.99,0.99,0.99,0.99,4.92,0,131,7.3
BET1,O15155,Q9UBM7,O15155_Q9UBM7,UNKNOWN,DHCR7_HUMAN,3|4|4|3,14,3.5,4,0|0|0|0|1|1|1|2|0|0|0|0|0|0|0|0,0.97,0.99,0.97,0.99,0.97,11.2,0.01,17,1.8
BET1,O15155,Q9UBX3,O15155_Q9UBX3,UNKNOWN,DIC_HUMAN,4|0|4|3,11,2.75,4,0|0|0|0|0|0|0|0|0|0|0|0|0|0|0|0,0.75,1,0.75,1,0.75,27.5,0.05,32,3.1
BET1,O15155,Q9UGP8,O15155_Q9UGP8,UNKNOWN,SEC63_HUMAN,3|3|1|2,9,2.25,4,0|0|0|0|0|0|0|0|0|0|0|0|0|0|0|0,0.74,0.99,0.74,0.99,0.74,22.5,0.06,11,2.1
BET1,O15155,Q9UID3,O15155_Q9UID3,UNKNOWN,VPS51_HUMAN,3|3|2|2,10,2.5,4,0|0|0|0|1|0|0|0|0|0|0|0|0|0|0|0,0.98,0.99,0.98,0.99,0.98,25,0,4,1.3
BET1,O15155,Q9UIQ6,O15155_Q9UIQ6,UNKNOWN,LCAP_HUMAN,7|11|11|13,42,10.5,4,0|0|0|0|0|0|0|0|0|0|0|0|0|0|0|0,1,1,1,1,1,105,0,2,1
BET1,O15155,Q9UKD2,O15155_Q9UKD2,UNKNOWN,MRT4_HUMAN,6|5|4|4,19,4.75,4,0|3|2|2|1|1|1|2|0|0|0|0|0|0|0|0,0.91,0.98,0.91,0.98,0.91,6.33,0.02,44,3.2
BET1,O15155,Q9UKG1,O15155_Q9UKG1,UNKNOWN,DP13A_HUMAN,3|4|5|1,13,3.25,4,0|0|0|0|0|0|0|0|0|0|0|0|0|0|0|0,0.75,1,0.75,1,0.75,32.5,0.05,4,5.8
BET1,O15155,Q9ULH0,O15155_Q9ULH0,UNKNOWN,KDIS_HUMAN,7|5|3|2,17,4.25,4,0|0|0|0|1|0|0|0|0|0|0|0|0|0|0|1,0.98,1,0.98,1,0.98,34,0,18,2.4
BET1,O15155,Q9ULX6,O15155_Q9ULX6,UNKNOWN,AKP8L_HUMAN,3|3|3|4,13,3.25,4,0|0|0|0|0|0|0|0|0|1|0|0|0|0|0|0,1,1,1,1,1,32.5,0,34,1.6
BET1,O15155,Q9UNH7,O15155_Q9UNH7,UNKNOWN,SNX6_HUMAN,3|4|11|10,28,7,4,0|0|1|0|0|0|0|0|0|0|0|0|0|0|0|0,1,1,1,1,1,70,0,14,1.3
BET1,O15155,Q9UP95,O15155_Q9UP95,UNKNOWN,S12A4_HUMAN,8|5|6|3,22,5.5,4,0|0|0|0|0|0|0|0|0|0|0|0|0|0|0|0,1,1,1,1,1,55,0,3,1.7
BET1,O15155,Q9UQE7,O15155_Q9UQE7,UNKNOWN,SMC3_HUMAN,21|22|18|16,77,19.25,4,2|3|2|2|3|6|2|1|4|8|2|5|2|6|5|6,1,1,1,1,1,5.22,0,73,6.6
BET1,O15155,Q9Y221,O15155_Q9Y221,UNKNOWN,NIP7_HUMAN,4|3|3|3,13,3.25,4,0|0|0|0|0|0|0|0|1|4|0|1|0|1|0|1,0.81,0.89,0.81,0.89,0.81,6.5,0.03,16,2.2
BET1,O15155,Q9Y2L5,O15155_Q9Y2L5,UNKNOWN,TPPC8_HUMAN,3|5|8|6,22,5.5,4,1|0|0|0|0|0|1|0|0|0|0|0|0|0|0|0,1,1,1,1,1,44,0,1,3
BET1,O15155,Q9Y2R4,O15155_Q9Y2R4,UNKNOWN,DDX52_HUMAN,8|6|4|5,23,5.75,4,0|0|0|0|1|0|0|0|4|0|5|1|2|0|1|1,0.85,0.96,0.85,0.96,0.85,6.13,0.02,35,1.9
BET1,O15155,Q9Y2U8,O15155_Q9Y2U8,UNKNOWN,MAN1_HUMAN,4|6|3|4,17,4.25,4,1|1|1|1|2|1|1|0|1|2|1|0|1|0|1|0,0.79,0.98,0.79,0.98,0.79,4.86,0.03,12,1.5
BET1,O15155,Q9Y305,O15155_Q9Y305,UNKNOWN,ACOT9_HUMAN,4|3|3|1,11,2.75,4,0|0|0|0|0|0|0|0|0|0|0|0|0|0|0|0,0.75,1,0.75,1,0.75,27.5,0.05,16,4.8
BET1,O15155,Q9Y3C1,O15155_Q9Y3C1,UNKNOWN,NOP16_HUMAN,6|5|3|4,18,4.5,4,1|0|0|0|0|0|0|0|0|3|1|0|0|2|0|1,0.92,0.99,0.92,0.99,0.92,9,0.01,19,3.2
BET1,O15155,Q9Y485,O15155_Q9Y485,UNKNOWN,DMXL1_HUMAN,1|4|2|3,10,2.5,4,0|0|0|0|0|0|0|0|0|0|0|0|0|0|0|0,0.74,1,0.74,1,0.74,25,0.05,0,0
BET1,O15155,Q9Y4L1,O15155_Q9Y4L1,UNKNOWN,HYOU1_HUMAN,16|17|12|8,53,13.25,4,0|1|1|0|0|1|0|0|1|0|0|0|0|0|0|0,1,1,1,1,1,53,0,50,3.8
BET1,O15155,Q9Y5M8,O15155_Q9Y5M8,UNKNOWN,SRPRB_HUMAN,4|4|4|3,15,3.75,4,0|0|0|0|1|0|0|0|0|0|0|0|0|0|0|0,1,1,1,1,1,37.5,0,35,1.7
BET1,O15155,Q9Y5Z9,O15155_Q9Y5Z9,UNKNOWN,UBIA1_HUMAN,9|7|9|6,31,7.75,4,0|0|0|0|0|0|0|0|0|0|0|0|0|0|0|0,1,1,1,1,1,77.5,0,3,1.3
BET1,O15155,Q9Y676,O15155_Q9Y676,UNKNOWN,RT18B_HUMAN,2|3|3|2,10,2.5,4,0|0|0|0|1|0|0|1|0|0|0|0|0|0|0|0,0.97,0.99,0.97,0.99,0.97,20,0.01,27,1.9
BET1,O15155,Q9Y678,O15155_Q9Y678,UNKNOWN,COPG1_HUMAN,17|18|15|19,69,17.25,4,6|7|7|3|5|7|2|0|9|7|9|6|6|8|7|5,0.88,1,0.88,1,0.88,2.94,0.02,78,3.2
BET1,O15155,Q9Y6D6,O15155_Q9Y6D6,UNKNOWN,BIG1_HUMAN,2|3|3|2,10,2.5,4,0|0|0|0|0|0|0|0|0|0|0|0|0|0|0|0,0.98,0.99,0.98,0.99,0.98,25,0,3,1
BET1,O15155,Q9Y6M7,O15155_Q9Y6M7,UNKNOWN,S4A7_HUMAN,5|6|8|7,26,6.5,4,0|0|0|0|0|0|0|0|0|0|0|0|0|0|0|0,1,1,1,1,1,65,0,9,2
BET1,O15155,Q9Y6Y8,O15155_Q9Y6Y8,UNKNOWN,S23IP_HUMAN,20|18|24|22,84,21,4,6|12|9|8|4|5|2|4|2|2|0|3|3|2|2|3,0.99,1,0.99,1,0.99,5.01,0,19,1.8
CDK7,P50613,O00268,P50613_O00268,UNKNOWN,TAF4_HUMAN,16|12|6|8,42,10.5,4,0|1|0|0|0|1|2|7|2|3|2|3|0|0|0|0,0.88,0.99,0.88,0.99,0.88,8,0.02,48,6
CDK7,P50613,O00541,P50613_O00541,UNKNOWN,PESC_HUMAN,5|4|3|6,18,4.5,4,0|2|1|2|0|2|0|1|0|1|2|1|1|0|0|0,0.78,0.97,0.78,0.97,0.78,5.54,0.04,57,6.3
CDK7,P50613,O75683,P50613_O75683,UNKNOWN,SURF6_HUMAN,5|6|2|2,15,3.75,4,1|0|0|0|1|0|1|2|0|0|0|2|0|0|0|0,0.74,1,0.74,1,0.74,8.57,0.05,38,3.4
CDK7,P50613,O95602,P50613_O95602,UNKNOWN,RPA1_HUMAN,5|4|3|5,17,4.25,4,0|0|0|0|0|0|0|0|0|0|0|0|0|0|0|0,1,1,1,1,1,42.5,0,17,9.2
CDK7,P50613,P18074,P50613_P18074,KNOWN,ERCC2_HUMAN,38|32|37|43,150,37.5,4,0|0|0|0|0|0|0|0|0|0|0|0|0|0|0|0,1,1,1,1,1,375,0,1,1
CDK7,P50613,P19447,P50613_P19447,KNOWN,ERCC3_HUMAN,48|37|37|44,166,41.5,4,0|0|0|0|0|0|0|0|0|0|0|0|0|0|0|0,1,1,1,1,1,415,0,1,1
CDK7,P50613,P21127,P50613_P21127,KNOWN,CD11B_HUMAN,30|31|36|34,131,32.75,4,0|4|0|0|0|0|0|0|0|0|0|0|0|0|0|0,1,1,1,1,1,131,0,0,0
CDK7,P50613,P21675,P50613_P21675,UNKNOWN,TAF1_HUMAN,7|11|11|10,39,9.75,4,0|0|1|0|1|0|1|0|0|0|0|0|0|0|0|0,1,1,1,1,1,52,0,27,8.1
CDK7,P50613,P28715,P50613_P28715,KNOWN,ERCC5_HUMAN,7|7|9|10,33,8.25,4,0|0|0|0|0|0|0|0|0|0|0|0|0|0|0|0,1,1,1,1,1,82.5,0,9,1.6
CDK7,P50613,P29083,P50613_P29083,KNOWN,T2EA_HUMAN,9|11|11|13,44,11,4,0|1|0|0|0|0|2|1|4|3|5|2|6|6|2|2,0.91,0.97,0.91,0.97,0.91,5.18,0.01,18,1.3
CDK7,P50613,P29084,P50613_P29084,KNOWN,T2EB_HUMAN,14|13|13|14,54,13.5,4,0|1|2|1|0|0|1|1|3|4|3|3|5|7|5|4,0.98,0.99,0.98,0.99,0.98,5.4,0,26,4.7
CDK7,P50613,P32780,P50613_P32780,KNOWN,TF2H1_HUMAN,32|25|32|30,119,29.75,4,0|0|0|0|0|0|0|0|0|0|0|0|0|0|0|0,1,1,1,1,1,297.5,0,0,0
CDK7,P50613,P38432,P50613_P38432,UNKNOWN,COIL_HUMAN,8|7|6|9,30,7.5,4,0|0|0|1|0|0|1|0|0|0|0|0|0|0|0|0,1,1,1,1,1,60,0,53,3.1
CDK7,P50613,P46013,P50613_P46013,UNKNOWN,KI67_HUMAN,50|47|32|26,155,38.75,4,2|4|4|3|11|8|8|11|13|8|18|13|0|0|3|2,0.95,1,0.95,1,0.95,5.74,0.01,80,58.2
CDK7,P50613,P49642,P50613_P49642,UNKNOWN,PRI1_HUMAN,3|3|4|5,15,3.75,4,1|0|0|0|0|0|0|0|0|1|0|1|1|1|2|3,0.76,0.96,0.76,0.96,0.76,6,0.04,2,1
CDK7,P50613,P49848,P50613_P49848,UNKNOWN,TAF6_HUMAN,17|19|11|17,64,16,4,3|5|1|1|4|3|10|9|3|5|6|6|1|3|5|3,0.78,1,0.78,1,0.78,3.76,0.04,36,8.8
CDK7,P50613,P50613,P50613_P50613,UNKNOWN,CDK7_HUMAN,106|103|98|113,420,105,4,0|0|0|0|0|0|0|0|0|0|0|0|0|0|0|0,1,1,1,1,1,1050,0,4,1.5
CDK7,P50613,P51946,P50613_P51946,KNOWN,CCNH_HUMAN,48|43|48|58,197,49.25,4,0|0|0|0|0|0|0|0|0|0|0|0|0|0|0|0,1,1,1,1,1,492.5,0,0,0
CDK7,P50613,P51948,P50613_P51948,KNOWN,MAT1_HUMAN,42|31|49|45,167,41.75,4,0|0|0|0|0|0|0|1|0|1|1|1|1|0|1|0,1,1,1,1,1,111.33,0,8,1.1
CDK7,P50613,P55199,P50613_P55199,UNKNOWN,ELL_HUMAN,2|3|2|3,10,2.5,4,0|0|0|0|0|0|0|0|0|0|0|0|0|0|0|0,0.97,0.99,0.97,0.99,0.97,25,0.01,6,1
CDK7,P50613,P62891,P50613_P62891,UNKNOWN,RL39_HUMAN,2|2|2|3,9,2.25,4,0|0|0|0|0|0|0|0|1|0|0|0|1|1|0|0,0.86,0.96,0.86,0.96,0.86,12,0.02,61,1.6
CDK7,P50613,Q12789,P50613_Q12789,UNKNOWN,TF3C1_HUMAN,11|16|13|16,56,14,4,0|1|0|1|0|0|0|1|3|4|3|2|1|3|3|1,1,1,1,1,1,9.74,0,39,3.4
CDK7,P50613,Q13011,P50613_Q13011,UNKNOWN,ECH1_HUMAN,12|13|8|10,43,10.75,4,0|0|2|2|2|2|2|1|6|5|6|3|5|3|4|1,0.83,0.99,0.83,0.99,0.83,3.91,0.03,65,2.8
CDK7,P50613,Q13206,P50613_Q13206,UNKNOWN,DDX10_HUMAN,15|16|9|10,50,12.5,4,1|1|2|1|1|1|0|0|2|4|3|0|0|0|1|3,1,1,1,1,1,10,0,30,12.6
CDK7,P50613,Q13610,P50613_Q13610,UNKNOWN,PWP1_HUMAN,6|5|0|2,13,3.25,4,0|1|1|0|0|0|0|0|0|0|0|0|0|0|0|0,0.73,1,0.73,1,0.73,26,0.06,28,1.8
CDK7,P50613,Q13823,P50613_Q13823,UNKNOWN,NOG2_HUMAN,15|13|10|13,51,12.75,4,1|1|4|3|2|2|5|4|6|5|8|5|5|1|6|5,0.8,1,0.8,1,0.8,3.24,0.03,45,11.6
CDK7,P50613,Q13888,P50613_Q13888,KNOWN,TF2H2_HUMAN,20|14|19|19,72,18,4,0|0|0|0|0|0|0|0|0|0|0|0|0|0|0|0,1,1,1,1,1,180,0,2,1.5
CDK7,P50613,Q13889,P50613_Q13889,KNOWN,TF2H3_HUMAN,15|15|19|17,66,16.5,4,0|0|0|0|0|0|0|0|0|0|0|0|0|0|0|0,1,1,1,1,1,165,0,1,1
CDK7,P50613,Q14241,P50613_Q14241,UNKNOWN,ELOA1_HUMAN,9|11|8|11,39,9.75,4,4|3|1|2|4|1|1|4|4|5|4|0|5|4|1|0,0.85,0.98,0.85,0.98,0.85,3.63,0.02,36,3.7
CDK7,P50613,Q14684,P50613_Q14684,UNKNOWN,RRP1B_HUMAN,17|15|9|16,57,14.25,4,2|1|1|2|4|3|3|2|4|6|11|6|4|3|4|4,0.76,0.99,0.76,0.99,0.76,3.8,0.04,62,4.5
CDK7,P50613,Q15542,P50613_Q15542,UNKNOWN,TAF5_HUMAN,15|13|12|6,46,11.5,4,2|0|2|1|1|2|1|6|3|1|5|4|0|1|5|2,0.81,1,0.81,1,0.81,5.11,0.03,20,10.8
CDK7,P50613,Q16543,P50613_Q16543,KNOWN,CDC37_HUMAN,13|17|18|18,66,16.5,4,0|3|4|2|0|0|1|1|0|0|1|0|0|0|0|1,1,1,1,1,1,20.31,0,80,3.4
CDK7,P50613,Q5UIP0,P50613_Q5UIP0,UNKNOWN,RIF1_HUMAN,15|15|6|11,47,11.75,4,1|0|0|0|1|0|1|3|4|4|4|1|0|0|0|0,0.94,1,0.94,1,0.94,9.89,0.01,61,10.3
CDK7,P50613,Q6P1K8,P50613_Q6P1K8,UNKNOWN,T2H2L_HUMAN,19|14|19|19,71,17.75,4,0|0|0|0|0|0|0|0|0|0|0|0|0|0|0|0,1,1,1,1,1,177.5,0,2,1.5
CDK7,P50613,Q6P1X5,P50613_Q6P1X5,UNKNOWN,TAF2_HUMAN,4|6|6|5,21,5.25,4,0|0|0|0|0|0|0|0|2|2|0|0|0|1|1|0,0.98,1,0.98,1,0.98,14,0,19,6.9
CDK7,P50613,Q6PD62,P50613_Q6PD62,UNKNOWN,CTR9_HUMAN,17|12|9|13,51,12.75,4,0|0|0|1|0|0|0|0|5|3|5|2|5|3|3|6,0.92,0.99,0.92,0.99,0.92,6.18,0.01,16,4.5
CDK7,P50613,Q6ZYL4,P50613_Q6ZYL4,KNOWN,TF2H5_HUMAN,4|4|4|3,15,3.75,4,0|0|0|0|0|0|0|0|0|0|0|0|0|0|0|0,1,1,1,1,1,37.5,0,0,0
CDK7,P50613,Q7Z4V5,P50613_Q7Z4V5,UNKNOWN,HDGR2_HUMAN,4|5|5|5,19,4.75,4,0|0|1|1|0|0|2|1|0|1|0|0|1|1|0|1,0.95,0.97,0.95,0.97,0.95,8.44,0.01,0,0
CDK7,P50613,Q8IWI9,P50613_Q8IWI9,UNKNOWN,MGAP_HUMAN,16|11|5|12,44,11,4,0|1|0|0|3|0|3|6|3|2|6|3|1|0|1|0,0.8,0.99,0.8,0.99,0.8,6.07,0.03,47,4.4
CDK7,P50613,Q8IX01,P50613_Q8IX01,UNKNOWN,SUGP2_HUMAN,20|16|6|13,55,13.75,4,0|2|1|0|1|1|3|0|2|4|5|6|4|2|7|1,0.78,1,0.78,1,0.78,5.64,0.04,37,14.4
CDK7,P50613,Q8IY81,P50613_Q8IY81,UNKNOWN,SPB1_HUMAN,11|8|2|4,25,6.25,4,0|1|1|1|1|0|0|1|0|1|1|2|0|0|1|1,0.78,1,0.78,1,0.78,9.09,0.04,63,8.5
CDK7,P50613,Q8TF01,P50613_Q8TF01,UNKNOWN,PNISR_HUMAN,3|4|2|4,13,3.25,4,0|0|0|0|0|0|0|1|0|0|0|0|4|1|0|0,0.8,0.88,0.8,0.88,0.8,8.67,0.03,38,2.9
CDK7,P50613,Q92621,P50613_Q92621,UNKNOWN,NU205_HUMAN,2|6|3|3,14,3.5,4,0|0|0|0|0|0|0|1|1|0|0|0|1|1|1|0,0.86,1,0.86,1,0.86,11.2,0.02,37,4.1
CDK7,P50613,Q92759,P50613_Q92759,KNOWN,TF2H4_HUMAN,19|16|20|19,74,18.5,4,0|0|0|0|0|0|0|0|0|0|0|0|0|0|0|0,1,1,1,1,1,185,0,2,1
CDK7,P50613,Q96S94,P50613_Q96S94,UNKNOWN,CCNL2_HUMAN,11|7|8|11,37,9.25,4,0|0|0|0|0|0|1|1|0|0|1|0|0|0|1|0,1,1,1,1,1,37,0,8,1.1
CDK7,P50613,Q9BTC8,P50613_Q9BTC8,UNKNOWN,MTA3_HUMAN,6|5|5|6,22,5.5,4,0|0|0|0|2|0|0|0|6|0|0|4|0|4|0|0,0.74,0.78,0.74,0.78,0.74,5.5,0.05,44,2.1
CDK7,P50613,Q9BYE7,P50613_Q9BYE7,KNOWN,PCGF6_HUMAN,4|3|2|3,12,3,4,0|0|0|0|1|0|1|1|1|0|0|1|1|0|0|1,0.75,0.94,0.75,0.94,0.75,6.86,0.04,5,2.2
CDK7,P50613,Q9BZE4,P50613_Q9BZE4,UNKNOWN,NOG1_HUMAN,14|13|7|9,43,10.75,4,0|0|0|0|1|0|0|1|1|2|5|3|1|0|7|3,0.89,0.98,0.89,0.98,0.89,7.17,0.02,56,4.7
CDK7,P50613,Q9H0A0,P50613_Q9H0A0,UNKNOWN,NAT10_HUMAN,14|12|4|3,33,8.25,4,2|1|0|0|1|1|1|1|0|1|4|0|0|1|0|0,0.8,1,0.8,1,0.8,10.15,0.03,70,11.1
CDK7,P50613,Q9H9B1,P50613_Q9H9B1,UNKNOWN,EHMT1_HUMAN,6|5|3|4,18,4.5,4,0|2|0|1|2|2|2|3|0|1|0|0|0|0|0|0,0.76,0.96,0.76,0.96,0.76,5.54,0.04,27,2.1
CDK7,P50613,Q9H9Y6,P50613_Q9H9Y6,UNKNOWN,RPA2_HUMAN,4|2|2|3,11,2.75,4,0|0|0|0|0|0|0|0|0|0|0|0|0|0|0|0,0.97,1,0.97,1,0.97,27.5,0.01,11,7.1
CDK7,P50613,Q9NVC6,P50613_Q9NVC6,UNKNOWN,MED17_HUMAN,4|4|5|3,16,4,4,0|0|0|0|0|0|0|1|0|2|1|0|1|0|1|0,0.97,1,0.97,1,0.97,10.67,0,1,1
CDK7,P50613,Q9NW13,P50613_Q9NW13,UNKNOWN,RBM28_HUMAN,8|7|3|3,21,5.25,4,0|0|1|0|0|0|0|1|4|1|1|1|0|0|1|0,0.79,0.99,0.79,0.99,0.79,8.4,0.03,54,3.4
CDK7,P50613,Q9NX58,P50613_Q9NX58,UNKNOWN,LYAR_HUMAN,10|9|3|7,29,7.25,4,0|0|1|2|1|0|1|1|3|1|2|3|2|0|1|0,0.81,1,0.81,1,0.81,6.44,0.03,44,2
CDK7,P50613,Q9NY93,P50613_Q9NY93,UNKNOWN,DDX56_HUMAN,8|9|3|4,24,6,4,0|0|0|1|0|0|1|1|0|1|2|4|0|0|3|0,0.78,0.99,0.78,0.99,0.78,7.38,0.04,40,1.9
CDK7,P50613,Q9UK58,P50613_Q9UK58,UNKNOWN,CCNL1_HUMAN,10|7|10|9,36,9,4,0|0|0|0|0|0|0|1|0|0|1|0|0|0|0|0,1,1,1,1,1,72,0,4,1
CDK7,P50613,Q9Y2G7,P50613_Q9Y2G7,UNKNOWN,ZFP30_HUMAN,9|7|7|0,23,5.75,4,0|0|0|0|0|0|0|0|0|0|0|0|0|0|0|0,0.75,1,0.75,1,0.75,57.5,0.05,1,1
CDK7,P50613,Q9Y2R4,P50613_Q9Y2R4,UNKNOWN,DDX52_HUMAN,9|6|5|6,26,6.5,4,0|0|0|0|0|0|1|0|4|5|0|1|2|1|0|1,0.84,0.96,0.84,0.96,0.84,6.93,0.03,35,1.9
CDK7,P50613,Q9Y2X9,P50613_Q9Y2X9,UNKNOWN,ZN281_HUMAN,5|6|4|7,22,5.5,4,0|2|1|0|0|0|0|2|0|1|0|0|0|1|0|0,0.98,1,0.98,1,0.98,12.57,0,28,7.1
CDK7,P50613,Q9Y3C7,P50613_Q9Y3C7,UNKNOWN,MED31_HUMAN,3|3|1|2,9,2.25,4,0|0|0|0|0|0|0|0|0|1|0|0|0|0|0|0,0.73,0.99,0.73,0.99,0.73,22.5,0.06,3,1
CDK7,P50613,Q9Y4W2,P50613_Q9Y4W2,UNKNOWN,LAS1L_HUMAN,5|6|1|3,15,3.75,4,0|2|0|0|0|0|0|0|1|0|0|0|0|0|0|0,0.73,1,0.73,1,0.73,20,0.06,50,3.1
CDK7,P50613,Q9Y5Q8,P50613_Q9Y5Q8,UNKNOWN,TF3C5_HUMAN,8|8|8|9,33,8.25,4,4|2|3|3|0|0|1|3|4|5|2|0|3|3|2|2,0.83,0.93,0.83,0.93,0.83,3.57,0.03,41,2.7
CDK7,P50613,Q9Y5Q9,P50613_Q9Y5Q9,UNKNOWN,TF3C3_HUMAN,6|5|1|4,16,4,4,0|0|0|0|0|0|0|0|1|0|0|0|0|0|0|0,0.75,1,0.75,1,0.75,40,0.05,31,2.5
RAB5A,P20339,A0JNW5,P20339_A0JNW5,UNKNOWN,UH1BL_HUMAN,1|2|4|7,14,3.5,4,0|1|0|0|0|0|0|0|0|0|0|0|0|0|0|0,0.73,1,0.73,1,0.73,35,0.06,3,1.3
RAB5A,P20339,P11717,P20339_P11717,UNKNOWN,MPRI_HUMAN,3|8|4|6,21,5.25,4,0|0|0|0|0|0|1|0|0|0|0|0|0|0|0|0,1,1,1,1,1,52.5,0,20,1.7
RAB5A,P20339,P20339,P20339_P20339,UNKNOWN,RAB5A_HUMAN,84|90|98|109,381,95.25,4,0|0|0|0|0|0|0|0|0|0|0|0|0|0|0|0,1,1,1,1,1,952.5,0,42,1.5
RAB5A,P20339,P24386,P20339_P24386,KNOWN,RAE1_HUMAN,21|20|17|20,78,19.5,4,0|0|0|0|0|0|0|0|0|0|0|0|0|0|0|0,1,1,1,1,1,195,0,0,0
RAB5A,P20339,P26374,P20339_P26374,KNOWN,RAE2_HUMAN,28|23|23|21,95,23.75,4,0|0|0|0|0|0|0|0|0|0|0|0|0|0|0|0,1,1,1,1,1,237.5,0,1,1
RAB5A,P20339,P28288,P20339_P28288,UNKNOWN,ABCD3_HUMAN,11|9|11|9,40,10,4,2|3|3|0|2|0|3|3|3|5|3|4|3|2|2|4,0.91,0.98,0.91,0.98,0.91,3.81,0.01,40,4
RAB5A,P20339,P50402,P20339_P50402,UNKNOWN,EMD_HUMAN,6|4|3|6,19,4.75,4,1|0|0|0|0|0|0|0|2|1|1|1|0|2|1|2,0.85,0.99,0.85,0.99,0.85,6.91,0.02,82,3.7
RAB5A,P20339,P51784,P20339_P51784,UNKNOWN,UBP11_HUMAN,11|10|15|17,53,13.25,4,2|0|0|0|0|0|0|2|0|2|0|0|2|0|0|0,1,1,1,1,1,26.5,0,26,1.8
RAB5A,P20339,P53611,P20339_P53611,KNOWN,PGTB2_HUMAN,5|3|5|9,22,5.5,4,0|0|0|0|0|0|0|0|0|0|0|0|0|0|0|0,1,1,1,1,1,55,0,0,0
RAB5A,P20339,Q15170,P20339_Q15170,UNKNOWN,TCAL1_HUMAN,4|2|3|2,11,2.75,4,0|0|0|0|0|0|0|0|0|0|0|0|0|0|0|0,0.97,1,0.97,1,0.97,27.5,0.01,0,0
RAB5A,P20339,Q15836,P20339_Q15836,UNKNOWN,VAMP3_HUMAN,3|3|5|3,14,3.5,4,0|0|0|0|0|0|0|1|0|0|0|0|0|0|0|0,0.99,1,0.99,1,0.99,35,0,25,1.8
RAB5A,P20339,Q16775,P20339_Q16775,UNKNOWN,GLO2_HUMAN,9|11|7|8,35,8.75,4,0|1|0|0|1|1|3|1|1|0|3|3|1|1|2|3,0.98,1,0.98,1,0.98,6.67,0,47,2.9
RAB5A,P20339,Q8N3P4,P20339_Q8N3P4,UNKNOWN,VPS8_HUMAN,3|9|8|7,27,6.75,4,0|0|0|0|0|0|0|0|0|0|0|0|0|0|0|0,1,1,1,1,1,67.5,0,0,0
RAB5A,P20339,Q8N726,P20339_Q8N726,UNKNOWN,ARF_HUMAN,2|2|2|2,8,2,4,0|0|0|0|0|0|0|0|0|0|0|0|1|1|1|0,0.83,0.83,0.83,0.83,0.83,10.67,0.03,25,1.5
RAB5A,P20339,Q8NEU8,P20339_Q8NEU8,KNOWN,DP13B_HUMAN,4|4|5|4,17,4.25,4,0|0|0|0|0|0|0|0|0|0|0|0|0|0|0|0,1,1,1,1,1,42.5,0,1,1
RAB5A,P20339,Q8TDD1,P20339_Q8TDD1,UNKNOWN,DDX54_HUMAN,7|5|7|4,23,5.75,4,0|0|1|0|1|0|1|2|2|2|0|0|0|0|0|0,0.97,1,0.97,1,0.97,10.22,0,49,4.1
RAB5A,P20339,Q92621,P20339_Q92621,UNKNOWN,NU205_HUMAN,3|4|4|5,16,4,4,0|0|0|0|0|0|0|1|1|0|0|0|1|1|1|0,0.96,0.99,0.96,0.99,0.96,12.8,0.01,37,4.1
RAB5A,P20339,Q92696,P20339_Q92696,UNKNOWN,PGTA_HUMAN,30|28|28|30,116,29,4,0|0|0|0|0|0|0|0|0|0|0|0|0|0|0|0,1,1,1,1,1,290,0,7,1
RAB5A,P20339,Q96AX1,P20339_Q96AX1,UNKNOWN,VP33A_HUMAN,2|3|4|4,13,3.25,4,0|0|0|0|0|0|0|0|0|0|0|0|0|0|0|0,0.98,1,0.98,1,0.98,32.5,0,2,1.5
RAB5A,P20339,Q96SU4,P20339_Q96SU4,UNKNOWN,OSBL9_HUMAN,10|7|7|14,38,9.5,4,2|3|3|1|0|0|2|3|2|1|4|1|2|3|3|3,0.86,1,0.86,1,0.86,4.61,0.02,10,1.8
RAB5A,P20339,Q9BZE4,P20339_Q9BZE4,UNKNOWN,NOG1_HUMAN,6|13|9|6,34,8.5,4,0|0|0|0|1|0|0|1|1|2|5|3|1|0|7|3,0.78,0.97,0.78,0.97,0.78,5.67,0.04,56,4.7
RAB5A,P20339,Q9GZR7,P20339_Q9GZR7,UNKNOWN,DDX24_HUMAN,9|8|7|10,34,8.5,4,0|0|0|0|0|1|0|2|4|7|3|0|5|4|4|1,0.74,0.86,0.74,0.86,0.74,4.39,0.05,40,3.4
RAB5A,P20339,Q9H1K0,P20339_Q9H1K0,KNOWN,RBNS5_HUMAN,3|2|2|4,11,2.75,4,0|0|1|0|0|0|0|1|0|0|0|0|0|0|0|0,0.95,1,0.95,1,0.95,22,0.01,0,0
RAB5A,P20339,Q9H2J7,P20339_Q9H2J7,UNKNOWN,S6A15_HUMAN,4|2|3|3,12,3,4,0|0|0|0|0|0|0|0|0|0|1|0|0|0|0|0,0.98,1,0.98,1,0.98,30,0,3,1.7
RAB5A,P20339,Q9HAV7,P20339_Q9HAV7,UNKNOWN,GRPE1_HUMAN,5|5|5|5,20,5,4,0|0|0|0|0|0|0|0|0|0|3|1|0|0|3|2,0.89,0.89,0.89,0.89,0.89,8.89,0.02,79,2.8
RAB5A,P20339,Q9NRW7,P20339_Q9NRW7,KNOWN,VPS45_HUMAN,3|4|4|6,17,4.25,4,0|0|1|0|0|0|1|4|0|0|0|0|0|0|0|0,0.88,0.96,0.88,0.96,0.88,11.33,0.02,0,0
RAB5A,P20339,Q9P253,P20339_Q9P253,UNKNOWN,VPS18_HUMAN,2|2|2|2,8,2,4,0|0|0|0|0|0|0|0|0|0|0|0|0|0|0|0,0.94,0.94,0.94,0.94,0.94,20,0.01,1,1
RAB5A,P20339,Q9P2D6,P20339_Q9P2D6,UNKNOWN,F135A_HUMAN,20|20|19|18,77,19.25,4,0|0|0|0|0|0|0|1|0|0|0|0|0|0|0|0,1,1,1,1,1,192.5,0,0,0
RAB5A,P20339,Q9UIQ6,P20339_Q9UIQ6,UNKNOWN,LCAP_HUMAN,1|2|7|3,13,3.25,4,0|0|0|0|0|0|0|0|0|0|0|0|0|0|0|0,0.73,1,0.73,1,0.73,32.5,0.06,2,1
RAB5A,P20339,Q9UKG1,P20339_Q9UKG1,KNOWN,DP13A_HUMAN,9|10|10|11,40,10,4,0|0|0|0|0|0|0|0|0|0|0|0|0|0|0|0,1,1,1,1,1,100,0,4,5.8
RAB5A,P20339,Q9Y2R4,P20339_Q9Y2R4,UNKNOWN,DDX52_HUMAN,5|7|6|5,23,5.75,4,0|0|0|0|0|0|1|0|4|5|0|1|2|1|0|1,0.8,0.89,0.8,0.89,0.8,6.13,0.03,35,1.9
RAB5A,P20339,Q9Y2U8,P20339_Q9Y2U8,UNKNOWN,MAN1_HUMAN,6|7|5|5,23,5.75,4,1|1|1|1|1|0|2|1|0|1|2|0|1|1|0|0,0.95,0.99,0.95,0.99,0.95,7.08,0.01,12,1.5

